batchsize: 32
dropout: 0.003423853360467351
emb: 16
emb_spectral: 32
epochs: 500
heads: 2
heads_spectral: 2
logit_scale: 22.96547594066347
lr: 7.897484293117265e-05
n_out: 32
seed: 0
transformer_depth: 14
transformer_depth_spectral: 8
weight_decay: 2.6842431894702736e-05
