agg: mean
agg_spectral: mean
batchsize: 32
cnn_depth: 12
dropout: 0.008166089333851906
emb: 32
emb_spectral: 64
epochs: 800
heads: 2
heads_spectral: 8
logit_scale: 2.6913538793596112
lr: 2.8450806840833268e-05
n_out: 32
seed: 0
time_norm: 24895.51923329118
time_norm_spectral: 13928.111078819822
transformer_depth: 16
transformer_depth_spectral: 9
weight_decay: 0.0001953041732629436
