batchsize: 32
dropout: 0.0002238697908102654
epochs: 2000
hidden_dim: 32
logit_scale: 19.545966923442453
lr: 3.716367614864064e-05
num_layers: 2
patience: 1000
seed: 0
weight_decay: 0.000555522900788888
agg: mean
agg_spectral: mean
cnn_channels: 3
cnn_depth: 2
cnn_dim: 32
cnn_kernel_size: 5
cnn_patch_size: 10
emb: 64
emb_spectral: 32
heads: 8
heads_spectral: 2
n_out: 32
time_norm: 20583.369161312577
time_norm_spectral: 17945.142213594805
transformer_depth: 5
transformer_depth_spectral: 13

