agg: attn
agg_spectral: attn
batchsize: 32
cnn_depth: 3
dropout: 0.008578190732752237
emb: 32
emb_spectral: 32
epochs: 800
heads: 2
heads_spectral: 4
logit_scale: 23.405741560431576
lr: 9.558229861762726e-05
n_out: 32
seed: 0
time_norm: 2693.876599910007
time_norm_spectral: 10666.207110583762
transformer_depth: 3
transformer_depth_spectral: 12
weight_decay: 0.0006176425896638726
