agg: mean
agg_spectral: mean
batchsize: 32
cnn_depth: 5
dropout: 0.009971398925813077
emb: 64
emb_spectral: 64
epochs: 800
heads: 4
heads_spectral: 8
logit_scale: 17.415645235447595
lr: 6.484310725110905e-05
n_out: 32
seed: 0
time_norm: 7176.357302735578
time_norm_spectral: 9124.730024216396
transformer_depth: 3
transformer_depth_spectral: 15
weight_decay: 1.0795800085560923e-05
